Paleta:
nombre (hasta 30 chars)
numero de colores (m)
numero de componentes (c)
numero de indices (n)
valor minimo
valor maximo
indice_1
indice_2
...
indice_n
color_1_componente_1
color_1_componente_2
...
color_1_componente_c
color_2_componente_1
color_2_componente_2
...
color_2_componente_c
...
color_m_componente_1
color_m_componente_2
...
color_m_componente_c

Ejemplos:
jet 16 3 
  0   0 191
  0   0 255
  0  63 191
  0 127 255
  0 191 255
  0 255 255
 63 255 191
127 255 127
191 255  63
255 255   0
255 191   0
255 127   0
255  63   0
255   0   0
191   0   0
127   0   0

hsv 16 3
255   0   0
255  95   0
255 191   0
223 255   0
127 255   0
 31 255   0
  0 255  63
  0 255 159
  0 255 255
  0 159 255
  0  63 255
 31   0 255
127   0 255
223   0 255
255   0 191
255   0  95

hot 16 3
 42   0   0
 85   0   0
127   0   0 
170   0   0
212   0   0
255   0   0
255  42   0
255  85   0
255 127   0
255 170   0
255 212   0
255 255   0
255 255  63
255 255 127
255 255 191
255 255 255

pink 16 3
 60   0   0
100  53  53
128  76  76 
152  93  93
172 107 107
190 120 120
197 144 131
204 165 142
211 184 152
218 201 161
224 216 170
231 231 178
237 237 200
243 243 220
249 249 238
255 255 255

earth 26 3
 33 162 210
 77 178 218
111 194 224
170 220 237
185 231 239
198 239 238
 44  86  32
 30 135   2
121 190  41
163 207  63
230 215  94
248 245 142
247 239 173
247 218 128
237 187  72
216 168 103
207 135  85
176 113  71
157  88  46
111  85  61
104  64  57
113  88  99
154 140 149
198 189 196
224 222 236
255 255 255

earth2 29 3
  0   0  51
  0   0  91
  0   0 132
  0   0 173
  0   0 214
  0   0 255
  0  42 255
  0 127 255 
  0 169 255
  0 212 255
  0 255 255
  0 102  51
 16 127  53
 40 153  59
 71 178  71
124 204 108
178 229 153
229 255 204  
201 224 143
187 193  93
163 146  52
132  91  21
102  42   0
113  63  31
150 113  96
154 140 149
198 189 196
224 222 236
255 255 255

earth3 12 3
  0   0  51
  0   0 255
  0 255 255
  0 102  51
229 255 204  
102  42   0
113  63  31
150 113  96
154 140 149
198 189 196
224 222 236
255 255 255





























 


